29 8 188 0 24 21 188 63 0 139 263 121 2.0
6 1 141 0 15 25 141 4 0 52 168 54 1.0
22 21 205 0 22 22 203 28 0 87 242 89 1.0
23 3 174 0 17 9 174 17 0 103 228 101 2.0
6 2 196 0 0 20 226 35 0 41 273 76 1.0
47 42 160 0 63 82 146 47 0 107 212 133 2.0
59 0 173 48 62 59 183 108 0 168 243 164 2.0
50 1 186 0 9 61 187 8 0 133 258 126 2.0
0 0 131 65 2 74 134 128 5 141 138 201 3.0
18 63 136 0 5 78 128 71 0 197 228 188 2.0
0 0 113 0 0 43 113 43 0 80 116 84 2.0
0 0 105 37 4 58 112 101 10 104 115 140 2.0
24 30 173 0 47 89 171 51 0 148 233 142 2.0
22 0 147 0 12 16 159 50 0 105 240 104 2.0
40 18 213 0 88 80 209 38 0 138 291 147 2.0
39 0 153 48 44 57 159 102 0 161 187 161 2.0
34 9 231 0 16 35 231 55 0 145 328 146 3.0
