0 0 201 64 53 138 213 136 10 180 269 208 2.0
0 0 211 57 93 63 213 102 22 144 276 163 2.0
1 0 161 17 23 21 164 28 0 52 175 54 1.0
0 0 229 42 83 93 230 50 32 126 270 143 2.0
0 0 201 27 22 54 205 38 20 57 225 82 2.0
0 0 238 15 24 36 238 20 3 44 257 56 1.0
0 0 264 72 164 81 280 115 47 203 301 231 2.0
0 0 193 43 59 103 193 55 8 139 228 161 2.0
0 0 173 48 85 57 184 94 29 130 224 154 2.0
17 0 170 67 64 85 183 139 0 196 224 221 3.0
0 0 193 60 91 67 213 114 20 169 253 189 2.0
0 0 239 76 88 156 245 92 9 208 254 237 3.0
0 0 215 59 86 124 218 75 13 165 275 195 2.0
0 0 179 59 78 68 189 117 17 139 217 163 2.0
11 0 189 65 68 134 195 92 0 151 281 201 2.0
0 0 205 46 61 53 206 56 2 118 234 154 2.0
0 0 167 31 89 98 166 69 37 139 343 191 2.0
0 0 220 20 67 74 220 32 15 121 269 113 2.0
0 0 148 51 103 52 159 76 62 152 233 142 2.0
0 0 230 35 75 92 229 47 20 140 283 128 2.0
0 0 177 69 85 73 184 129 26 183 245 199 3.0
0 0 198 60 62 119 212 83 63 124 244 180 2.0
