13 0 230 33 28 79 222 127 0 183 227 141 2.0
7 0 221 33 55 79 213 58 0 161 221 137 2.0
39 0 191 31 36 70 183 48 0 117 170 101 1.0
0 0 197 48 78 68 199 116 61 181 222 159 2.0
0 0 215 37 34 81 221 144 35 214 229 177 2.0
0 0 175 37 44 93 165 68 24 193 175 152 4.0
0 0 249 32 19 72 219 124 38 189 234 149 2.0
0 0 135 13 21 24 137 44 16 69 140 50 1.0
0 0 226 68 74 128 230 78 72 212 262 162 2.0
36 0 253 29 47 70 232 104 0 131 243 120 2.0
1 0 237 59 44 109 261 147 0 219 263 149 2.0
0 0 163 74 69 111 202 151 56 228 354 195 4.0
