30 59 175 0 0 109 211 112 59 133 166 170 2.0
1 66 204 0 0 113 222 112 69 160 197 137 2.0
0 61 237 0 0 82 267 91 89 122 235 122 2.0
8 4 186 0 0 39 223 53 86 81 188 143 3.0
0 56 209 0 14 76 228 93 120 148 212 197 2.0
21 44 212 0 0 79 237 104 82 108 245 107 2.0
19 0 173 1 0 34 207 40 68 61 174 61 2.0
4 19 251 0 0 77 271 73 83 131 251 93 2.0
7 0 208 0 0 36 229 34 87 73 225 128 2.0
0 30 200 0 9 34 221 66 55 73 200 73 1.0
44 49 196 0 0 70 202 106 143 128 202 186 2.0
30 33 220 0 0 66 236 83 60 133 217 86 2.0
4 53 217 0 0 80 237 105 49 110 215 157 2.0
4 4 215 0 0 28 258 31 126 54 221 71 1.0
0 0 217 6 3 18 240 57 71 86 223 148 2.0
0 0 256 13 5 41 255 45 7 105 256 112 2.0
0 41 211 0 8 71 213 107 74 186 209 132 2.0
0 31 205 0 0 54 207 101 74 206 207 150 3.0
0 0 211 16 4 52 201 53 74 103 202 148 2.0
0 10 147 0 0 38 205 51 52 62 148 68 2.0
