0 1 232 0 97 94 225 54 67 149 212 100 2.0
0 5 239 0 63 102 220 60 43 163 208 112 2.0
0 0 242 17 76 99 223 63 48 165 203 111 2.0
0 0 289 15 27 39 361 24 17 63 267 45 1.0
0 0 259 3 94 107 233 57 75 163 202 119 1.0
0 0 238 23 52 80 234 48 20 140 222 93 1.0
0 4 222 0 59 144 193 75 22 220 169 152 2.0
14 0 230 5 31 119 204 64 0 181 168 133 2.0
0 0 264 58 66 65 263 64 22 151 299 174 2.0
0 0 201 2 30 88 215 85 2 192 156 128 2.0
0 0 216 29 28 93 247 82 14 176 194 122 2.0
0 0 232 2 30 33 235 33 27 99 205 71 1.0
0 0 196 9 53 81 183 46 9 137 161 90 2.0
0 19 195 0 84 91 178 53 56 152 158 103 1.0
0 6 217 0 37 73 204 36 28 114 192 77 1.0
0 3 200 0 70 71 190 40 58 132 180 85 2.0
0 0 228 0 19 79 224 83 17 160 184 108 2.0
0 5 222 0 35 99 224 101 56 171 173 119 1.0
