0 0 223 43 6 48 223 103 57 189 222 131 2.0
0 0 249 31 16 33 249 39 61 161 228 106 2.0
0 0 155 38 41 94 155 69 36 167 151 106 2.0
0 0 201 30 31 31 213 33 38 152 196 101 2.0
9 8 151 0 0 29 159 37 35 63 161 99 3.0
0 0 201 36 19 38 201 94 35 153 201 153 2.0
0 2 115 0 6 3 115 3 32 18 117 33 2.0
0 0 192 4 17 30 191 30 17 50 191 50 1.0
0 0 146 11 7 13 147 26 13 46 146 34 1.0
0 0 195 15 17 18 182 18 21 64 180 51 2.0
0 0 277 20 5 51 276 37 2 82 273 60 1.0
0 0 178 20 13 36 179 47 14 78 179 78 1.0
0 0 151 18 19 42 151 42 19 53 154 75 1.0
0 0 155 23 20 30 157 77 24 135 155 86 1.0
72 0 248 29 85 32 260 43 0 120 240 93 2.0
4 1 211 0 0 19 235 41 11 51 293 91 1.0
0 0 251 11 8 24 271 34 52 115 246 69 1.0
